# x; y; band 0 low; band 0 high; band 1 low; band 1 high
      2500  0.0065468  0.0057589   0.014357 0.0060092  0.0091657
      3000   0.013379   0.011826   0.029417  0.012365   0.018813
      3500   0.029949   0.026658   0.066262  0.027738   0.042587
      4000   0.066497   0.058479    0.14507  0.061226   0.093603
      4500    0.14151    0.12471    0.30781   0.12971    0.23585
      5000    0.28011    0.24547    0.60954   0.25596     0.3868
      5500    0.52078     0.4639     1.1385   0.48315    0.73308
      6000      0.933     0.8223     2.0148   0.85547      1.305
      6500     1.5684     1.3847     2.9374    1.4422     2.1589
      7000     2.5284     2.2321     5.4963    2.3276     3.6155
