# x; y; band 0 low; band 0 high; band 1 low; band 1 high
      2500  0.0064745  0.0057339    0.01388 0.0059893  0.0090244
      3000   0.013307   0.011802   0.029022  0.012331   0.018961
      3500   0.029989   0.026674   0.055705  0.027813   0.041901
      4000    0.06598   0.058661    0.14602  0.061353   0.093073
      4500    0.13919    0.12376    0.30947   0.12939    0.19834
      5000    0.27805    0.24435    0.52311   0.25482    0.38671
      5500    0.66567    0.46033     1.0022   0.48155    0.74035
      6000    0.92341    0.82112     2.0492   0.85751      1.304
      6500      1.551     1.3865     3.4635    1.4402     2.2041
      7000     2.4897      2.209     4.7657    2.3157     3.5147
