# x; y; band 0 low; band 0 high; band 1 low; band 1 high
      2500  0.0065792  0.0057422   0.012377 0.0059977  0.0094204
      3000   0.013531   0.011799    0.02486  0.012405   0.018619
      3500   0.030251     0.0265   0.065801  0.027756   0.042244
      4000     0.0662   0.058535    0.14511  0.061702    0.09405
      4500    0.13911     0.1241    0.26379   0.12923    0.19563
      5000    0.27545    0.24453    0.52518   0.25474    0.39017
      5500    0.52195    0.46035     1.1516   0.47948    0.72729
      6000    0.93453    0.82013     1.9835   0.85887     1.3076
      6500     1.5769     1.3778     3.3509    1.4405     2.1833
      7000     2.5189     2.2196     5.5206    2.3143     3.5422
