# x; y; band 0 low; band 0 high; band 1 low; band 1 high
      2500  0.0064582  0.0057399   0.014072 0.0059888  0.0091942
      3000   0.013365   0.011787   0.029052   0.01229   0.018653
      3500   0.030041   0.026496   0.065402  0.027802   0.042602
      4000   0.067455   0.058899    0.14699  0.061455   0.094642
      4500     0.1393    0.12332    0.30715   0.12949    0.19765
      5000    0.28007    0.24681    0.52759   0.25679    0.39016
      5500      0.554    0.46117     1.1568   0.48039    0.74072
      6000    0.93931     0.8217     2.0554   0.85804     1.3091
      6500     1.5341     1.3679      3.422    1.4269     2.1824
      7000     2.5073     2.2235     5.5079    2.3148       3.55
